ketto<-1+1
